---------------------------------------------
|     N       |       X      |       y      |
---------------------------------------------
|          1  |        0.00  |        0.00  |
---------------------------------------------
|          1  |        0.00  |       17.00  |
---------------------------------------------
|          1  |        0.00  |       22.00  |
---------------------------------------------
|          1  |        0.00  |       27.00  |
---------------------------------------------
|          1  |        0.00  |       32.00  |
---------------------------------------------
|          1  |        0.00  |       37.00  |
---------------------------------------------
|          1  |        0.00  |       42.00  |
---------------------------------------------
|          1  |        0.00  |       47.00  |
---------------------------------------------
|          1  |        0.00  |       52.00  |
---------------------------------------------
|          1  |        0.00  |       57.00  |
---------------------------------------------
|          1  |        0.00  |       62.00  |
---------------------------------------------
|          1  |        0.00  |       67.00  |
---------------------------------------------
|          1  |        0.00  |       72.00  |
---------------------------------------------
|          1  |        0.00  |       77.00  |
---------------------------------------------
|          1  |        0.00  |       82.00  |
---------------------------------------------
|          1  |        0.00  |       87.00  |
---------------------------------------------
|          1  |        0.00  |       92.00  |
---------------------------------------------
|          1  |        0.00  |       97.00  |
---------------------------------------------
|          1  |        0.00  |      102.00  |
---------------------------------------------
|          1  |        0.00  |      107.00  |
---------------------------------------------
|          1  |        0.00  |      112.00  |
---------------------------------------------
|          1  |        0.00  |      117.00  |
---------------------------------------------
|          1  |        0.00  |      122.00  |
---------------------------------------------
|          1  |        0.00  |      127.00  |
---------------------------------------------
|          1  |        0.00  |      132.00  |
---------------------------------------------
|          1  |        0.00  |      137.00  |
---------------------------------------------
|          1  |        0.00  |      142.00  |
---------------------------------------------
|          1  |        0.00  |      147.00  |
---------------------------------------------
|          1  |        0.00  |      152.00  |
---------------------------------------------
|          1  |        0.00  |      157.00  |
---------------------------------------------
|          1  |        0.00  |      162.00  |
---------------------------------------------
|          1  |        0.00  |      167.00  |
---------------------------------------------
|          1  |        0.00  |      172.00  |
---------------------------------------------
|          1  |        0.00  |      177.00  |
---------------------------------------------
|          1  |        0.00  |      182.00  |
---------------------------------------------
|          1  |        0.00  |      187.00  |
---------------------------------------------
|          1  |        0.00  |      192.00  |
---------------------------------------------
|          1  |        0.00  |      197.00  |
---------------------------------------------
|          1  |        0.00  |      202.00  |
---------------------------------------------
|          1  |        0.00  |      207.00  |
---------------------------------------------
|          1  |        0.00  |      212.00  |
---------------------------------------------
|          1  |        0.00  |      217.00  |
---------------------------------------------
|          1  |        0.00  |      222.00  |
---------------------------------------------
|          1  |        0.00  |      227.00  |
---------------------------------------------
|          1  |        0.00  |      232.00  |
---------------------------------------------
|          1  |        0.00  |      237.00  |
---------------------------------------------
|          1  |        0.00  |      242.00  |
---------------------------------------------
|          1  |        0.00  |      247.00  |
---------------------------------------------
|          1  |        0.00  |      252.00  |
---------------------------------------------
|          1  |        0.00  |      257.00  |
---------------------------------------------
